tests/data/reduc_20170530_134_wcs/reduc_20170530_134_gaia.ecsv
# %ECSV 1.0
# ---
# datatype:
# - name: ra
#   unit: deg
#   datatype: float64
#   description: Right ascension
#   meta: !!omap
#   - {ucd: pos.eq.ra;meta.main}
#   - {utype: Char.SpatialAxis.Coverage.Location.Coord.Position2D.Value2.C1}
# - name: dec
#   unit: deg
#   datatype: float64
#   description: Declination
#   meta: !!omap
#   - {ucd: pos.eq.dec;meta.main}
#   - {utype: Char.SpatialAxis.Coverage.Location.Coord.Position2D.Value2.C2}
# - name: pmra
#   unit: mas / yr
#   datatype: float64
#   description: Proper motion in right ascension direction
#   meta: !!omap
#   - {ucd: pos.pm;pos.eq.ra}
# - name: pmdec
#   unit: mas / yr
#   datatype: float64
#   description: Proper motion in declination direction
#   meta: !!omap
#   - {ucd: pos.pm;pos.eq.dec}
# - name: ref_epoch
#   unit: yr
#   datatype: float64
#   description: Reference epoch
#   meta: !!omap
#   - {ucd: meta.ref;time.epoch}
# - name: parallax
#   unit: mas
#   datatype: float64
#   description: Parallax
#   meta: !!omap
#   - {ucd: pos.parallax}
# - name: phot_g_mean_mag
#   unit: mag
#   datatype: float32
#   description: G-band mean magnitude
#   meta: !!omap
#   - {ucd: phot.mag;stat.mean;em.opt}
# - {name: dist, datatype: float64}
# schema: astropy-2.0
ra dec pmra pmdec ref_epoch parallax phot_g_mean_mag dist
193.31387874127503 -18.52522966943086 314.6217104148161 -802.7940081262793 2015.5 10.952603073572996 11.850179 0.003194503077334316
193.31408002656195 -18.525652464350433 299.48903077653887 -796.0918271978387 2015.5 12.925448038432572 8.209325 0.0036572194992613833
193.3277945272934 -18.51814688394671 -5.160688804105089 -1.14750264511897 2015.5 1.0688747619611119 19.440645 0.014856773289668808
193.3204468220089 -18.50884073371206 -10.682364603936644 3.2097113709856444 2015.5 -0.0694777743150532 17.879246 0.015256268583383152
193.3040125259853 -18.50927392586909 -11.427188237352146 0.5699115873427919 2015.5 0.10802389415888732 20.819374 0.01536534889835026
193.3157394183568 -18.537629646356873 5.8144923359535134 -11.052391369410625 2015.5 1.7119929585735418 19.119549 0.015664910778359787
193.29617831112887 -18.528615059374513 -31.696126246519107 -4.70913052839484 2015.5 1.720546752840018 19.287481 0.016943230165895606
193.32737740917463 -18.532134915027743 -12.082740620346542 -0.7558372784127914 2015.5 0.43928834587071036 19.431416 0.017061152151825246
193.3097396900157 -18.501509382686073 -19.168150326342403 9.221302373174847 2015.5 1.431036176223781 20.081364 0.020910630442809715
193.31539418930976 -18.497549321035812 -2.6199018306752353 -2.3145552734671337 2015.5 0.41014208072796726 18.762243 0.024806798409123216
193.3032847361622 -18.499023939385406 24.649227785555613 -20.481895967993694 2015.5 3.8916123975959076 18.201487 0.02487132967479237
193.30858653779057 -18.54797389015663 -6.595876065039609 0.28142358292914493 2015.5 0.9895469503815828 20.598286 0.026044684383603103
193.30970726860335 -18.496122689087873 -9.515909114958472 -18.071671618565425 2015.5 0.6321948998346161 17.669962 0.026261103390160648
193.28932201859828 -18.536556572024647 -2.0109487629633476 -1.5103820905474827 2015.5 1.2768604475432879 20.57137 0.026417449258433354
193.34019980738998 -18.517446113856916 -9.872288371001845 -0.7764269730320621 2015.5 0.2978591332523562 16.403965 0.026483518523732052
193.30515802414263 -18.547835692288228 0.051216598504189026 -3.762493890154479 2015.5 -0.45839166775664525 19.045279 0.026595648310797384
193.3223765417061 -18.547747801687624 "" "" 2015.5 "" 20.08203 0.027110588433522372
193.2912522639206 -18.540765296724448 -7.201886333740895 -8.337250629410883 2015.5 1.301048795195839 15.39927 0.027537552190521387
193.2968959184522 -18.49684165208324 -8.903935163024627 -6.3889874365702015 2015.5 -0.1447436783319508 19.167841 0.029492917659330115
193.3422578627708 -18.532670090311566 -14.12998057808509 -6.5866462780425055 2015.5 0.5629848034343903 20.495178 0.029882797357607346
193.34150680485675 -18.538590395559364 -19.655325533213052 -13.655913900666137 2015.5 2.6064756538197633 20.438272 0.031816470871387406
193.34850074415692 -18.523685148937787 -1.6949458762500034 -10.70348640867291 2015.5 0.10321164991768625 19.081028 0.03395018114998625
193.2760239774249 -18.51841354894035 -4.804930918057392 -3.9781042330896703 2015.5 -0.2904115355408065 19.073843 0.03501219315746438
193.28158431842976 -18.50255387370315 -18.366004582612995 7.671362827510471 2015.5 -0.6267297869547805 19.606089 0.03548554782449654
193.30042865592898 -18.48844424919503 -0.9840456976868367 -6.21908767222436 2015.5 0.544974839605643 18.035854 0.03573971959352718
193.29610740357413 -18.555687172577745 -24.425084211028608 -3.303634021118067 2015.5 -1.7476770541361897 20.20495 0.03698544489856827
193.30526231006476 -18.485628188903462 "" "" 2015.5 "" 21.384804 0.0372774383993838
193.3125778926402 -18.48249728710623 -8.694595847243399 1.385804527181762 2015.5 1.0301235642606748 19.302637 0.039729990869435364
193.34675284640363 -18.496980313980707 -3.0900555825713782 2.2850099710650755 2015.5 0.45613185443777127 16.694885 0.040967831959646935
193.2717375844366 -18.50445002084672 -19.57249524325576 -0.3548836171101366 2015.5 0.7950063399211105 17.203684 0.04274213112411268
193.3569047764256 -18.532881104634455 -6.422258536058061 -1.453111133839209 2015.5 -0.2663779384228213 18.698923 0.04322013548249458
193.2833157042159 -18.48858836641649 0.3060973626544119 -3.1044536189374132 2015.5 0.4378343134876523 20.287819 0.04369823208866542
193.3341752926928 -18.48251119808841 0.5918590632584885 -21.190231203705697 2015.5 2.392970657314053 19.490725 0.04462038857446248
193.34258452145735 -18.48729218239866 6.877210302811914 -14.55832976577129 2015.5 1.7490732964229587 17.355742 0.04496686788671832
193.2686399734325 -18.505424390305336 -9.623707637718237 -1.8451185081669865 2015.5 0.9372076642842796 19.048332 0.04505729677837554
193.32298678488038 -18.567674671255205 -22.85430541406342 -8.832210093309333 2015.5 0.10000654073020168 20.750092 0.04647656973362755
193.34304543584827 -18.4851732399555 -19.806709408565446 3.546394341822805 2015.5 3.211855506995056 16.59929 0.04689893131240749
193.34279583580093 -18.484793595387043 -23.583022954090946 4.959201549954996 2015.5 4.077412845117796 18.917725 0.047055674370844146
193.2618691150194 -18.52473016475954 -9.754860055965692 -8.42317301181425 2015.5 0.15646640968258646 15.913697 0.04828972149714924
193.35271768338865 -18.552229702512157 -0.49539382554123734 -3.314737796846325 2015.5 1.1260708933804089 20.068752 0.04834920446629307
193.35321594820257 -18.492654701003378 -3.8319273114758325 -4.9038525825038874 2015.5 0.31598306328150066 17.041807 0.04846200178059192
193.27163849353528 -18.49312532299253 -8.193279947653968 -7.961657658560421 2015.5 0.37332829768651604 19.686077 0.048633227076299336
193.29477631334734 -18.568161983256594 -15.817072760619082 2.3055226084191625 2015.5 1.4175494765638903 20.0301 0.048986830411314575
193.3514851556911 -18.555136634884562 -12.306382207978471 -5.520114916197348 2015.5 0.5872520384019237 19.990967 0.04932806922476461
193.3591631639113 -18.545189257151016 -5.140904622415734 0.37990909082765933 2015.5 0.5620991680378893 19.772348 0.04965447088505243
193.2637826053216 -18.54075935897978 0.5860331940430004 -0.16723092858737693 2015.5 -0.9974952174488456 19.595648 0.04997173967846638
193.26209749749935 -18.538260978549157 2.6294058676578427 -5.446665774274372 2015.5 1.567546532121662 20.90238 0.050613214960639946
193.31306860517319 -18.57677594250233 -9.150754811865975 -5.447445203427211 2015.5 -0.8637274969543044 20.36047 0.05454987358261117
193.29481509868873 -18.469547038814103 "" "" 2015.5 "" 20.613518 0.05535146946955866
193.2980674560779 -18.575823399508252 -13.412138363360619 -11.6064805381313 2015.5 1.39023120984776 17.04831 0.055369424961944476
193.28609113393253 -18.571914706728922 "" "" 2015.5 "" 20.445902 0.05573722593642022
193.283774679821 -18.570995167416843 -7.529259203061585 5.8047784692052815 2015.5 1.092669503312204 20.265375 0.05596297825987852
193.30205850701685 -18.577646395683804 -7.907447889070238 -9.50318616332535 2015.5 0.7354816189217039 16.601625 0.05633505876680276
193.25436458859113 -18.53369384027024 -11.416100478607238 -5.150776118074804 2015.5 -1.9241383998470587 20.572058 0.05651462913087596
193.25371212996365 -18.51386611119541 4.528639709865158 -4.1788382545531135 2015.5 -0.18362838495214068 19.69459 0.05658211724128889
193.34065319027115 -18.57262420284615 "" "" 2015.5 "" 20.581701 0.056927592225123363
193.30276134556442 -18.466070484379408 -9.44321532264481 -1.9418241550984645 2015.5 0.30382808228549923 17.73599 0.056946549748764404
193.33873018898043 -18.47060145504552 -6.374149326725131 -0.7835088899204141 2015.5 0.1004016261450385 20.182205 0.057212143163595866
193.25467147893045 -18.50560184137736 -15.702984745165136 1.279477693828889 2015.5 1.3371201105743395 20.17862 0.05750816277500755
193.3342384784335 -18.46836257170362 -15.32865745479114 -0.8710087778766653 2015.5 0.29256838655871165 19.4277 0.05759762671783454
193.34222817236105 -18.573074187545593 2.8452049082725384 6.676492075064564 2015.5 1.5769169219410797 18.820784 0.05803100566646977
193.27126246628632 -18.47946128757159 "" "" 2015.5 "" 21.113806 0.058096718840600275
193.25261284519547 -18.50900318480033 -5.155072036948111 -4.542833831673805 2015.5 0.8886920949483617 20.344685 0.058517892575201014
193.33544940357737 -18.57706659483904 -0.6860107178277368 -3.2704890395934614 2015.5 0.9253762319834703 17.72585 0.058918260765823675
193.24973844760063 -18.529800194628383 -30.34130309536305 -3.1075262633766885 2015.5 6.294050243038902 20.516384 0.06020435477223766
193.29785518540132 -18.46264197881629 -0.34828176087469 -4.673549189975991 2015.5 0.8477690569142541 20.485212 0.06123189606235932
193.375111034307 -18.505483410845102 -8.667074894504264 -2.694940586990444 2015.5 0.7332990091094694 16.846233 0.06147778895105242
193.28621533637823 -18.46591655374091 17.443905989507584 -16.505656189372605 2015.5 -0.5736526229568147 20.450089 0.06166927058633878
193.24960760345002 -18.507243771917214 "" "" 2015.5 "" 20.104843 0.06170102590328457
193.28988151047383 -18.46382527402963 -1.9073374332883801 -1.5827137390309807 2015.5 -0.8043879192178933 20.12438 0.062291602655783214
193.2469988845399 -18.51515447029254 -6.161133802988571 0.7878531458191129 2015.5 0.2651593008351387 17.734467 0.06272640130412929
193.35493042703303 -18.570998906783192 "" "" 2015.5 "" 20.8295 0.06308320125724055
193.29368547688426 -18.461015438748337 -13.947906479028818 5.4653806166192 2015.5 0.915546282384468 19.056154 0.06382025269891257
193.37937014908488 -18.513228305237387 -3.831219046440603 -0.5032772748107259 2015.5 0.8688091376652296 16.348978 0.06382856019230403
193.2512016656803 -18.495980555655017 -21.805006594952072 -12.225023056278541 2015.5 2.115739429912935 16.847715 0.06397623537806946
193.37658568389594 -18.501420198791124 -5.226799142241804 -11.236494624169072 2015.5 0.6953628927772167 15.534013 0.06402788079422662
193.30849509913517 -18.587381767844917 -28.799370957427232 -0.8154468233607778 2015.5 3.4178796268780407 20.111591 0.06527825191023817
193.37499837687892 -18.494010798154143 -14.159337535984113 2.6009045873191265 2015.5 0.31274536409548503 18.89604 0.06544411294049797
193.32809408938647 -18.45835016260978 -34.08463716026513 -24.167733022930076 2015.5 0.77142691664275 20.232376 0.06551793284735445
193.3096284156054 -18.5880834015776 -25.891579504080926 -4.196176757475371 2015.5 1.7894205118036695 20.0816 0.06592193733570205
193.34522515843062 -18.580784661518887 3.594764212604222 -9.878614270933955 2015.5 1.3197229921128455 20.332003 0.06616735016257408
193.26991463672894 -18.469899492300957 -20.08120431870621 5.635056742369507 2015.5 0.5926951076747647 17.821411 0.06623247405205199
193.28101694260533 -18.462630973288196 -3.1888703432485626 2.1081366218847117 2015.5 0.040028465766947026 17.129591 0.06675446694159952
193.30138393500658 -18.456253814724647 -11.284005821463047 -5.461925195340669 2015.5 -1.1918735472069983 15.436011 0.06684478609385924
193.30162429555799 -18.45616285515967 "" "" 2015.5 "" 17.693565 0.06689829805953086
193.36981780814375 -18.482107926832665 -26.276296993679672 -6.300519282382787 2015.5 -0.020274356980310444 18.006039 0.06738312599631312
193.26114429157016 -18.56863216007125 -9.73605309971682 -3.5491817322255126 2015.5 0.12007337022076488 18.691391 0.06741819731841249
193.344042613359 -18.582770727950066 -0.5175584180357036 -4.101695889465862 2015.5 -0.16573890237061104 20.267782 0.06743019281457185
193.2472418271921 -18.54901489098607 -4.513881481753824 -3.7662245531134024 2015.5 0.54740893136138 18.91358 0.06762207079097611
193.36626131364773 -18.476173935961125 -8.333138871412189 8.171234216263926 2015.5 1.1527188296928303 18.383675 0.06854279492863287
193.34440237896092 -18.58387975850099 -4.142844410482176 -2.989704585005237 2015.5 0.1048097386670374 20.59729 0.06857631736133162
193.35549745512537 -18.579451774202692 -3.4190461629226556 -13.781916544970036 2015.5 -0.20369669806691604 17.47182 0.07013337588095457
193.38776703543675 -18.528123059158876 -8.82377931273977 -0.809102492977574 2015.5 0.7490962409236632 19.99619 0.0713939656181207
193.30158617011193 -18.593426343253103 -21.65528734437662 12.92639251127718 2015.5 1.9846991821343603 15.727292 0.07197864423362826
193.23822281914894 -18.507754254579254 -6.750761179795323 -2.5928290844030495 2015.5 -1.7908303649137223 20.859224 0.07211673140170481
193.25785512751654 -18.470879182106952 "" "" 2015.5 "" 21.156693 0.07310718420607737
193.36738415662515 -18.47060502096567 -10.761214240600998 1.600032433416448 2015.5 0.6134282356903833 16.520748 0.07315322725846632
193.23590076531767 -18.514110048704758 -3.0417370645502713 -34.31821410738064 2015.5 2.4249011649068946 18.112406 0.07330088693070919
193.38743253613785 -18.502823510580765 "" "" 2015.5 "" 21.234129 0.07344753918765257
193.3352327092996 -18.451930356556993 -9.664531425290205 0.7920909938626207 2015.5 -0.017911985632117426 18.785091 0.0734651510525724
193.30239416609896 -18.59543665934755 -8.803103293228064 -2.8686956325166038 2015.5 -0.16924535671699395 19.039885 0.07386227723775582
193.293191532436 -18.59383137163806 -9.23463458031917 3.4400547139186957 2015.5 0.437154672477869 17.129267 0.07396095689270266
193.37856063775897 -18.561946558783088 -9.772939207489415 -5.034248292150143 2015.5 0.0435123192778215 19.555023 0.07398119886520084
193.37433302035652 -18.4765080403008 -19.939487789276754 -6.716930766952941 2015.5 1.07471699208673 19.420132 0.07418379633694194
193.38375695586316 -18.490830480505036 -5.961246545338723 1.6414756005751654 2015.5 0.7654989078390342 20.352316 0.0743132342895139
193.26335137259463 -18.46452325209116 -0.1908388761602607 -0.7869383222076025 2015.5 4.248256677931948 18.283983 0.07431383395696717
193.2446818940562 -18.55960935467553 -1.8259120118508299 -5.415296855498066 2015.5 2.327088350577277 18.95821 0.07456291200536323
193.3834332660322 -18.555491497270783 -10.725587657106095 1.6936358838037404 2015.5 0.49652811092113025 19.699902 0.07483505076451395
193.26585457635323 -18.583356768952168 2.3072808314013526 -6.732274562401316 2015.5 1.3190399740554706 19.950048 0.07557511813718185
193.36582353406882 -18.57921214466769 -18.58758787589614 -7.615454882707199 2015.5 1.6924212280780095 20.661837 0.07603305415529674
193.3688835706723 -18.46746006472781 -5.7111505651657195 -3.0246890029142306 2015.5 0.495592301311842 19.389353 0.07639020547448523
193.30665558276095 -18.598516562998206 "" "" 2015.5 "" 20.945768 0.07650647702477237
193.23225740726016 -18.516043751429343 -26.374100025071275 6.555866792701145 2015.5 0.7243670794431314 18.013857 0.07655448733016727
193.37653698342294 -18.569318926718957 0.6923834115575546 -1.586481566637147 2015.5 0.700506934145352 18.444387 0.0766632162322302
193.2756085635824 -18.590631100664567 28.947070945170385 0.8876871442011489 2015.5 3.130041880077366 14.860598 0.07692515354578484
193.30665417587446 -18.59912680263045 "" "" 2015.5 "" 21.056816 0.0771150988093329
193.3055767219674 -18.59920574421312 0.07439785230487614 -0.19018106873930551 2015.5 -0.07072094853772486 18.32928 0.07727673021266655
193.37196190904143 -18.57591454001483 "" "" 2015.5 "" 20.857197 0.07769075260536432
193.3946295038761 -18.5192269563226 -1.924764446585279 -1.4540518250901335 2015.5 0.19506612065574874 18.271738 0.07771691826647817
193.36901330067244 -18.579279301406782 -17.272164245842397 -14.827587841290185 2015.5 0.7161140420299488 16.9933 0.07811698518989549
193.25637401253093 -18.465081904173267 -32.907144790357684 -21.470481648218463 2015.5 2.3864712321203156 17.34522 0.07824245788216501
193.3181928064275 -18.44404585181748 -7.783309717287271 -4.47623780579611 2015.5 0.8962538646133067 19.137789 0.07835272871334766
193.24058884395225 -18.483362203481086 -1.9070370655365945 -8.08575324871106 2015.5 0.590797755483222 17.736132 0.07867987721903368
193.27476446297698 -18.592240440320758 -3.2565233792382755 -13.297345090038661 2015.5 0.43123534773967526 17.336054 0.07872222008736775
193.23001246193613 -18.529178742640546 -3.002400192394866 2.255418217988204 2015.5 -0.1033811580843624 20.16529 0.07873753711760782
193.33743246447423 -18.44505620618127 -55.706141698607 -6.191137634338219 2015.5 2.496840558748934 19.590519 0.08064904187481035
193.31322158138576 -18.44091880091281 0.18174750032041165 -3.26959977306105 2015.5 2.3060617984903686 20.844696 0.08130956276854712
193.23710737382063 -18.560939973450257 -1.5646251500176827 -8.511980955639956 2015.5 0.24152735423363764 17.793322 0.08148022725943328
193.39145532275825 -18.559288538955506 "" "" 2015.5 "" 20.340668 0.08333519002760909
193.39229056976905 -18.486686577393655 -12.554875369825231 6.313919829469455 2015.5 0.46760227460443793 20.865679 0.08340011389002859
