3.500000000000000000e+02 8.519779130607686018e-03 2.311245078147883801e-04
3.510000000000000000e+02 9.264436119025760627e-03 2.357575169390500370e-04
3.520000000000000000e+02 1.064297895197183728e-02 2.493622437223056180e-04
3.530000000000000000e+02 1.198801949072049629e-02 2.688925156682954042e-04
3.540000000000000000e+02 1.352895890286242436e-02 2.892231538638488186e-04
3.550000000000000000e+02 1.511032362062937617e-02 3.052013324889300046e-04
3.560000000000000000e+02 1.684713177163746703e-02 3.285829148770277115e-04
3.570000000000000000e+02 1.878783377999480864e-02 3.557270433329269999e-04
3.580000000000000000e+02 2.103885671421317285e-02 3.779457965908902296e-04
3.590000000000000000e+02 2.366960371843481598e-02 3.949053456141624258e-04
3.600000000000000000e+02 2.669578937628391130e-02 4.341426867095508684e-04
3.610000000000000000e+02 2.942346166029819604e-02 4.675892065066836862e-04
3.620000000000000000e+02 3.317537002933836771e-02 5.122292332962400784e-04
3.630000000000000000e+02 3.683769071193293554e-02 5.632729266940771301e-04
3.640000000000000000e+02 4.088165463000323352e-02 6.270568711243365871e-04
3.650000000000000000e+02 4.499522552214832438e-02 7.009419117177433578e-04
3.660000000000000000e+02 4.955385565448375274e-02 7.577758249639764999e-04
3.670000000000000000e+02 5.522494038254777138e-02 8.229180932997698849e-04
3.680000000000000000e+02 5.956035573219568141e-02 8.464492367522960308e-04
3.690000000000000000e+02 6.461886108038419896e-02 8.791376738505983631e-04
3.700000000000000000e+02 7.003404620433172079e-02 9.134274504377016450e-04
3.710000000000000000e+02 7.632345743281226946e-02 9.650398026588838038e-04
3.720000000000000000e+02 8.227857171625711785e-02 1.007087783949600808e-03
3.730000000000000000e+02 8.819824706982358486e-02 1.050937983802701682e-03
3.740000000000000000e+02 9.550969066482659087e-02 1.119444395926299162e-03
3.750000000000000000e+02 1.022489898699415339e-01 1.186291559675448689e-03
3.760000000000000000e+02 1.107069033802527414e-01 1.288642116443626659e-03
3.770000000000000000e+02 1.185611129859408391e-01 1.388652879643672775e-03
3.780000000000000000e+02 1.280329795096190049e-01 1.523586622000787632e-03
3.790000000000000000e+02 1.386695174465501779e-01 1.667531017827024670e-03
3.800000000000000000e+02 1.474078351659975084e-01 1.752234532881711713e-03
3.810000000000000000e+02 1.596309794595621445e-01 1.858727153799437934e-03
3.820000000000000000e+02 1.695329375423189344e-01 1.893655092344729901e-03
3.830000000000000000e+02 1.805214775583130760e-01 1.937095428854566448e-03
3.840000000000000000e+02 1.913237179480329619e-01 1.981371532162421335e-03
3.850000000000000000e+02 2.012888710331484088e-01 1.999423957544085428e-03
3.860000000000000000e+02 2.145556793388282146e-01 2.085159771468418719e-03
3.870000000000000000e+02 2.221819999577583360e-01 2.040540212963950269e-03
3.880000000000000000e+02 2.295240106001190106e-01 1.994649646069323289e-03
3.890000000000000000e+02 2.399472235861132285e-01 1.943427448974408174e-03
3.900000000000000000e+02 2.485815119134279216e-01 1.965979493512558154e-03
3.910000000000000000e+02 2.562343109479837122e-01 2.005189619567578335e-03
3.920000000000000000e+02 2.621591778536561668e-01 2.004376930464527463e-03
3.930000000000000000e+02 2.701899660341290366e-01 2.019060558094432252e-03
3.940000000000000000e+02 2.772754028225400957e-01 2.073697813714001342e-03
3.950000000000000000e+02 2.817829606465296344e-01 2.089575753300067923e-03
3.960000000000000000e+02 2.897444456736414375e-01 2.155452364694175008e-03
3.970000000000000000e+02 2.986999261774470060e-01 2.218991143033638338e-03
3.980000000000000000e+02 3.034693136989963791e-01 2.235260298224337784e-03
3.990000000000000000e+02 3.079954940282153553e-01 2.222804389079417655e-03
4.000000000000000000e+02 3.153497356189571277e-01 1.661982057631755704e-03
4.010000000000000000e+02 3.194814653084310230e-01 1.620315016523309407e-03
4.020000000000000000e+02 3.261713945249649638e-01 1.644512628679321376e-03
4.030000000000000000e+02 3.293681489800637241e-01 1.667031318592913577e-03
4.040000000000000000e+02 3.346489819165445190e-01 1.630989657826518958e-03
4.050000000000000000e+02 3.425477920132103393e-01 1.610198969707204693e-03
4.060000000000000000e+02 3.453288766118861597e-01 1.590960344744127329e-03
4.070000000000000000e+02 3.519132618129639511e-01 1.588438986245364849e-03
4.080000000000000000e+02 3.533244292364104977e-01 1.572019808244521678e-03
4.090000000000000000e+02 3.574717450460193069e-01 1.521337180560596632e-03
4.100000000000000000e+02 3.631051254855897081e-01 1.539311670900324683e-03
4.110000000000000000e+02 3.665362743412104440e-01 1.578337084779208362e-03
4.120000000000000000e+02 3.706310589377334597e-01 1.581851734768270536e-03
4.130000000000000000e+02 3.712846245453960137e-01 1.574530448976950220e-03
4.140000000000000000e+02 3.764203017509852311e-01 1.685712286851529960e-03
4.150000000000000000e+02 3.805928009968444492e-01 1.603866979748674567e-03
4.160000000000000000e+02 3.823578211544370054e-01 1.613645709488274694e-03
4.170000000000000000e+02 3.855982604531860147e-01 1.615682775367288182e-03
4.180000000000000000e+02 3.902292017378761191e-01 1.636425647954823205e-03
4.190000000000000000e+02 3.891129763822904208e-01 1.629775451422925273e-03
4.200000000000000000e+02 3.953310571531343798e-01 1.642358283688696461e-03
4.210000000000000000e+02 3.996471558241225797e-01 1.670859555493333639e-03
4.220000000000000000e+02 3.990724213526465336e-01 1.626251322872096896e-03
4.230000000000000000e+02 4.021599351878741291e-01 1.680671221024387495e-03
4.240000000000000000e+02 4.065250096607673780e-01 1.708906681916096777e-03
4.250000000000000000e+02 4.077853484005271589e-01 1.615045541051442213e-03
4.260000000000000000e+02 4.096727572913558268e-01 1.605807001083830619e-03
4.270000000000000000e+02 4.119113933641905256e-01 1.665427229309469990e-03
4.280000000000000000e+02 4.146296764216780839e-01 1.786202885509240775e-03
4.290000000000000000e+02 4.179881618038768232e-01 1.647367166886003556e-03
4.300000000000000000e+02 4.178241490246951684e-01 1.655211434198491580e-03
4.310000000000000000e+02 4.188276809968772274e-01 1.604337151136953814e-03
4.320000000000000000e+02 4.205271695944029497e-01 1.638115961421848050e-03
4.330000000000000000e+02 4.231350832299745068e-01 1.644956659151592835e-03
4.340000000000000000e+02 4.257645340526826638e-01 1.696565081801985463e-03
4.350000000000000000e+02 4.235292551342760836e-01 1.754862570342774790e-03
4.360000000000000000e+02 4.277398058516549417e-01 1.599869025144041871e-03
4.370000000000000000e+02 4.286137506634461469e-01 1.640226092912760005e-03
4.380000000000000000e+02 4.287502904542763171e-01 1.719634564030901244e-03
4.390000000000000000e+02 4.302205468024732360e-01 1.626097588044922177e-03
4.400000000000000000e+02 4.330367597838269966e-01 1.661026466222034629e-03
4.410000000000000000e+02 4.364994109700678915e-01 1.642819246950741763e-03
4.420000000000000000e+02 4.303032803366109160e-01 1.658947938226400676e-03
4.430000000000000000e+02 4.326309379289484114e-01 1.647419893576464785e-03
4.440000000000000000e+02 4.359608005797282471e-01 1.711642719651159392e-03
4.450000000000000000e+02 4.399923814345713668e-01 1.766281145537079104e-03
4.460000000000000000e+02 4.379572675862427045e-01 1.645357156179170577e-03
4.470000000000000000e+02 4.401868067114618199e-01 1.696528239750973947e-03
4.480000000000000000e+02 4.377725253965601970e-01 1.658570769968673942e-03
4.490000000000000000e+02 4.443402788730195230e-01 1.718616545397130303e-03
4.500000000000000000e+02 4.404049208807675475e-01 1.668883807444909023e-03
4.510000000000000000e+02 4.418799929593746345e-01 1.650535676861858946e-03
4.520000000000000000e+02 4.430021106109277573e-01 1.613729657384928989e-03
4.530000000000000000e+02 4.448147767085163240e-01 1.718352982610578438e-03
4.540000000000000000e+02 4.419712376288253419e-01 1.618775093616909178e-03
4.550000000000000000e+02 4.439939172899540210e-01 1.638945742253229091e-03
4.560000000000000000e+02 4.423248165390114006e-01 1.632859546957676810e-03
4.570000000000000000e+02 4.419498856580965640e-01 1.694132865605683805e-03
4.580000000000000000e+02 4.445727534218949506e-01 1.665769474315626809e-03
4.590000000000000000e+02 4.445513834372623596e-01 1.661492445846052008e-03
4.600000000000000000e+02 4.488505881260606012e-01 1.745588161711426325e-03
4.610000000000000000e+02 4.459901313306154358e-01 1.717488420851719880e-03
4.620000000000000000e+02 4.457184546180523732e-01 1.713609379023914086e-03
4.630000000000000000e+02 4.455014694330168279e-01 1.669281617939307686e-03
4.640000000000000000e+02 4.489421864973187071e-01 1.675415300294598626e-03
4.650000000000000000e+02 4.446890836534660996e-01 1.704377636165643143e-03
4.660000000000000000e+02 4.491770813256777961e-01 1.715097041181729313e-03
4.670000000000000000e+02 4.482993389903844328e-01 1.716811773535921026e-03
4.680000000000000000e+02 4.449821069493404280e-01 1.836400031740072778e-03
4.690000000000000000e+02 4.433679963136340496e-01 1.758960700744724350e-03
4.700000000000000000e+02 4.429612826253069291e-01 1.770472676396225419e-03
4.710000000000000000e+02 4.460024974140432974e-01 1.783261814448103538e-03
4.720000000000000000e+02 4.445886645774519419e-01 1.768142010240434476e-03
4.730000000000000000e+02 4.486153172906972575e-01 1.771556033387832298e-03
4.740000000000000000e+02 4.464446754278731944e-01 1.737755212952231485e-03
4.750000000000000000e+02 4.478964953185805564e-01 1.798021875864861665e-03
4.760000000000000000e+02 4.460470111419372330e-01 1.778626667872318812e-03
4.770000000000000000e+02 4.483184560727276891e-01 1.788396814797908654e-03
4.780000000000000000e+02 4.460283453201950854e-01 1.788866014706496938e-03
4.790000000000000000e+02 4.427134661532017845e-01 1.917941678467988869e-03
4.800000000000000000e+02 4.460554221413496334e-01 1.794911625413485052e-03
4.810000000000000000e+02 4.457232022636607449e-01 1.791499052075868790e-03
4.820000000000000000e+02 4.457399824887789408e-01 1.766801215751354417e-03
4.830000000000000000e+02 4.499742947779887259e-01 1.785386396349690399e-03
4.840000000000000000e+02 4.479032572777202348e-01 1.759874007243390380e-03
4.850000000000000000e+02 4.482579317151870746e-01 1.762274628049694154e-03
4.860000000000000000e+02 4.483905064931928974e-01 1.806104140640971958e-03
4.870000000000000000e+02 4.474134432031647290e-01 1.753987539330185801e-03
4.880000000000000000e+02 4.447587045046506593e-01 1.830883040345416841e-03
4.890000000000000000e+02 4.427577411775796001e-01 1.830234113326463692e-03
4.900000000000000000e+02 4.439011871261515085e-01 1.781584608939106506e-03
4.910000000000000000e+02 4.404459788150465460e-01 1.856840584680763883e-03
4.920000000000000000e+02 4.430070930693298936e-01 1.765785007768030761e-03
4.930000000000000000e+02 4.424388740944566467e-01 1.780026385071915634e-03
4.940000000000000000e+02 4.437708425219929476e-01 1.823492951349008811e-03
4.950000000000000000e+02 4.423897731792020283e-01 1.907865465535017345e-03
4.960000000000000000e+02 4.429027114756738381e-01 1.793055241830495295e-03
4.970000000000000000e+02 4.401968029585580089e-01 1.823899813410670553e-03
4.980000000000000000e+02 4.410686295018845793e-01 2.040673559653794454e-03
4.990000000000000000e+02 4.393268731246252057e-01 1.826126602164268500e-03
5.000000000000000000e+02 4.414938737518990242e-01 1.795356114192573054e-03
5.010000000000000000e+02 4.384319916468439327e-01 1.753410753059908220e-03
5.020000000000000000e+02 4.414970742199014198e-01 1.787035139598685011e-03
5.030000000000000000e+02 4.375142405089746944e-01 1.775212612133619155e-03
5.040000000000000000e+02 4.434611796038490650e-01 1.771335210236621915e-03
5.050000000000000000e+02 4.434767614202292374e-01 1.818186884969830771e-03
5.060000000000000000e+02 4.372712675520821768e-01 1.809103075149188144e-03
5.070000000000000000e+02 4.382081836175065748e-01 1.930663353104139241e-03
5.080000000000000000e+02 4.389883707787405331e-01 1.789295999992264984e-03
5.090000000000000000e+02 4.413806685643533734e-01 1.825044323509536926e-03
5.100000000000000000e+02 4.380173079649837264e-01 1.840261147619731696e-03
5.110000000000000000e+02 4.360368442362654862e-01 1.910906868896642980e-03
5.120000000000000000e+02 4.299127169666455694e-01 1.801757596634331752e-03
5.130000000000000000e+02 4.358716647553432799e-01 1.731103809994489996e-03
5.140000000000000000e+02 4.316442896664344220e-01 1.759755243156101807e-03
5.150000000000000000e+02 4.346925328837418223e-01 1.797454630976498460e-03
5.160000000000000000e+02 4.324298644713467366e-01 1.789975735613008080e-03
5.170000000000000000e+02 4.298495902241655231e-01 1.749227766058077116e-03
5.180000000000000000e+02 4.325513620229579637e-01 1.821441317949565796e-03
5.190000000000000000e+02 4.319853971419687078e-01 1.816695659656889341e-03
5.200000000000000000e+02 4.306060942038889561e-01 1.774435580946190014e-03
5.210000000000000000e+02 4.322989251285462853e-01 1.825319636696035247e-03
5.220000000000000000e+02 4.300769814110401712e-01 1.731646976967279308e-03
5.230000000000000000e+02 4.251094505765218856e-01 1.723132096841687930e-03
5.240000000000000000e+02 4.287239072087871139e-01 1.710431236143973837e-03
5.250000000000000000e+02 4.243579738861630868e-01 1.786479587683660521e-03
5.260000000000000000e+02 4.261873424773796049e-01 1.810524485739697801e-03
5.270000000000000000e+02 4.238425820012146072e-01 1.869615000369896423e-03
5.280000000000000000e+02 4.246265861096230054e-01 1.775942044620245838e-03
5.290000000000000000e+02 4.213314651926522991e-01 1.813175891299953534e-03
5.300000000000000000e+02 4.259659415956378870e-01 1.696280131530417080e-03
5.310000000000000000e+02 4.223139002233783912e-01 1.796059526943163173e-03
5.320000000000000000e+02 4.227152244398804104e-01 1.848877541136517613e-03
5.330000000000000000e+02 4.214211948479631431e-01 1.760501059385405050e-03
5.340000000000000000e+02 4.229315849106294878e-01 1.888702033007978644e-03
5.350000000000000000e+02 4.227178278706329451e-01 1.902630600443385974e-03
5.360000000000000000e+02 4.166376675909160832e-01 1.798541861088344580e-03
5.370000000000000000e+02 4.160244701762771391e-01 1.802250027452921262e-03
5.380000000000000000e+02 4.157507150182829236e-01 1.736999204824883538e-03
5.390000000000000000e+02 4.184852726567646619e-01 1.903308261141001224e-03
5.400000000000000000e+02 4.176237488943145282e-01 1.832374429555352121e-03
5.410000000000000000e+02 4.177686514174577814e-01 1.794112652138851434e-03
5.420000000000000000e+02 4.173582424200572016e-01 1.855712097998741096e-03
5.430000000000000000e+02 4.161334229706307175e-01 1.803439204032735582e-03
5.440000000000000000e+02 4.144580122665151301e-01 1.791985282471966669e-03
5.450000000000000000e+02 4.122480932147957189e-01 1.765597916698434435e-03
5.460000000000000000e+02 4.173656800054852956e-01 1.852275527609785304e-03
5.470000000000000000e+02 4.158468854609901344e-01 1.739108372210753381e-03
5.480000000000000000e+02 4.157856955119942355e-01 1.760593770774006653e-03
5.490000000000000000e+02 4.142091286380101822e-01 1.764766074277066997e-03
5.500000000000000000e+02 4.156379827441355479e-01 1.758105144890485068e-03
5.510000000000000000e+02 4.092874650063756392e-01 1.731715715090792560e-03
5.520000000000000000e+02 4.110131633524199968e-01 1.774179032242927372e-03
5.530000000000000000e+02 4.102356112237045549e-01 1.789023615993277048e-03
5.540000000000000000e+02 4.124067628770117233e-01 1.823667670933375000e-03
5.550000000000000000e+02 4.111310352782955868e-01 1.810002080995147663e-03
5.560000000000000000e+02 4.128952795908466533e-01 1.804383714477935264e-03
5.570000000000000000e+02 4.076625590651515862e-01 1.799541160688584388e-03
5.580000000000000000e+02 4.075449281664548784e-01 1.770445442995569312e-03
5.590000000000000000e+02 4.052472090105657676e-01 1.794654196472434803e-03
5.600000000000000000e+02 4.041190030664271737e-01 1.806611720375099267e-03
5.610000000000000000e+02 4.036694317194711168e-01 1.762063847996366396e-03
5.620000000000000000e+02 4.025478390856020994e-01 1.775835766675531785e-03
5.630000000000000000e+02 3.976241337924247832e-01 1.785283683154901494e-03
5.640000000000000000e+02 3.994628802370110976e-01 1.700545611859088273e-03
5.650000000000000000e+02 3.962359282714873476e-01 1.745917244824803701e-03
5.660000000000000000e+02 3.973046898191720522e-01 1.798630085423981321e-03
5.670000000000000000e+02 3.948624075216559670e-01 1.795162111616626635e-03
5.680000000000000000e+02 4.006878650555472099e-01 1.719957306887493972e-03
5.690000000000000000e+02 3.937615136036874963e-01 1.728479391092925402e-03
5.700000000000000000e+02 4.002423947363322743e-01 1.954838658517380357e-03
5.710000000000000000e+02 3.999138253679526134e-01 1.762809416178594572e-03
5.720000000000000000e+02 4.008756532540176387e-01 1.934975266276408494e-03
5.730000000000000000e+02 3.954328018140109147e-01 1.700502274396258322e-03
5.740000000000000000e+02 3.952572877600139534e-01 1.751166158251724406e-03
5.750000000000000000e+02 3.943791993260709061e-01 1.669972251459996091e-03
5.760000000000000000e+02 3.912846028842501545e-01 1.780776376774168262e-03
5.770000000000000000e+02 3.918126688324546358e-01 1.740745440588608705e-03
5.780000000000000000e+02 3.847863782260025900e-01 1.791766140672008522e-03
5.790000000000000000e+02 3.874560234073497478e-01 1.733562537895635925e-03
5.800000000000000000e+02 3.870625538928996190e-01 1.700015649480253249e-03
5.810000000000000000e+02 3.911505808057640921e-01 1.718583086761853868e-03
5.820000000000000000e+02 3.887514000049424046e-01 1.706942311784178041e-03
5.830000000000000000e+02 3.885519536812204744e-01 1.686154080568380131e-03
5.840000000000000000e+02 3.881328984099065571e-01 1.801228894043589582e-03
5.850000000000000000e+02 3.881048162055378281e-01 1.734604192538766448e-03
5.860000000000000000e+02 3.839045034320443528e-01 1.655162552604742951e-03
5.870000000000000000e+02 3.839287075394915427e-01 1.704524408117745558e-03
5.880000000000000000e+02 3.833825641913745086e-01 1.650917642077622850e-03
5.890000000000000000e+02 3.819270848636387994e-01 1.717858264294934954e-03
5.900000000000000000e+02 3.818235153610555210e-01 1.728508908744352465e-03
5.910000000000000000e+02 3.812114416589940102e-01 1.648624153435047880e-03
5.920000000000000000e+02 3.826006156277562686e-01 1.638306193906664343e-03
5.930000000000000000e+02 3.814074644524227398e-01 1.676287371060309478e-03
5.940000000000000000e+02 3.787532436389315360e-01 1.663458912875313790e-03
5.950000000000000000e+02 3.760829907053911958e-01 1.675087221745754154e-03
5.960000000000000000e+02 3.746893503324563168e-01 1.654849811559483581e-03
5.970000000000000000e+02 3.779892449502582630e-01 1.759758565219696289e-03
5.980000000000000000e+02 3.763839622064431012e-01 1.649997863269223085e-03
5.990000000000000000e+02 3.769147060414910766e-01 1.641523595687129598e-03
6.000000000000000000e+02 3.711004017208857642e-01 1.682604665858086638e-03
6.010000000000000000e+02 3.728550951230494848e-01 1.602594284862853295e-03
6.020000000000000000e+02 3.727845986289458069e-01 1.895356915211326597e-03
6.030000000000000000e+02 3.692148001011040237e-01 1.627077352414404076e-03
6.050000000000000000e+02 3.687456391574272518e-01 1.727990003736578533e-03
6.060000000000000000e+02 3.648504147829260691e-01 1.625009414953332071e-03
6.070000000000000000e+02 3.668198900849556909e-01 1.622782995294928853e-03
6.080000000000000000e+02 3.654709976556698714e-01 1.731463717020555702e-03
6.090000000000000000e+02 3.643827988782635252e-01 1.615862550077620634e-03
6.100000000000000000e+02 3.635206617646878358e-01 1.632045850363388582e-03
6.110000000000000000e+02 3.612849670874468955e-01 1.601323228887502033e-03
6.120000000000000000e+02 3.617689472994889410e-01 1.636407306619600032e-03
6.130000000000000000e+02 3.613428701630763684e-01 1.651660163253446676e-03
6.140000000000000000e+02 3.580964129427947618e-01 1.604758685985885683e-03
6.150000000000000000e+02 3.599322146155741198e-01 1.625194999043698407e-03
6.160000000000000000e+02 3.573089234280426574e-01 1.586488652952793227e-03
6.170000000000000000e+02 3.590803188497662668e-01 1.610877582941001602e-03
6.180000000000000000e+02 3.553107050945488732e-01 1.635718838454467729e-03
6.190000000000000000e+02 3.538860628469096548e-01 1.665685057449243578e-03
6.200000000000000000e+02 3.532827806486573685e-01 1.656662213554314575e-03
6.210000000000000000e+02 3.510049537673646802e-01 1.617344183593507527e-03
6.220000000000000000e+02 3.503189160223661447e-01 1.631583995512254914e-03
6.230000000000000000e+02 3.519204640950387986e-01 1.645006578321894352e-03
6.240000000000000000e+02 3.479983281973647036e-01 1.671866026888836360e-03
6.250000000000000000e+02 3.475521567142877966e-01 1.603494352327307967e-03
6.260000000000000000e+02 3.461530440607020198e-01 1.618981882345087425e-03
6.270000000000000000e+02 3.458643200939021112e-01 1.600942812993877244e-03
6.280000000000000000e+02 3.442685123331241104e-01 1.874566787102779257e-03
6.290000000000000000e+02 3.444477421347736379e-01 1.582646893826158757e-03
6.300000000000000000e+02 3.399711341000178910e-01 1.554168697414068205e-03
6.310000000000000000e+02 3.396784186332940658e-01 1.569344626408376419e-03
6.320000000000000000e+02 3.378295487257984009e-01 1.563139577026608851e-03
6.330000000000000000e+02 3.391375838263726572e-01 1.585442311179703157e-03
6.340000000000000000e+02 3.400185900292451158e-01 1.567500773588513226e-03
6.350000000000000000e+02 3.363733792297645686e-01 1.565611852441179449e-03
6.360000000000000000e+02 3.312364175741974170e-01 1.542326801744970657e-03
6.370000000000000000e+02 3.330885516712449590e-01 1.543146008691981177e-03
6.380000000000000000e+02 3.353752454871563593e-01 1.686751065650515195e-03
6.390000000000000000e+02 3.303753276468345268e-01 1.550403311839955878e-03
6.400000000000000000e+02 3.296963417912113781e-01 1.546286633901642346e-03
6.410000000000000000e+02 3.299117262120732641e-01 1.561712753403854967e-03
6.420000000000000000e+02 3.280161442243493819e-01 1.554408844401214060e-03
6.430000000000000000e+02 3.241590402528802262e-01 1.625904176861089857e-03
6.440000000000000000e+02 3.286264360922073746e-01 1.547821768930619053e-03
6.450000000000000000e+02 3.240212108708226402e-01 1.510018851574532368e-03
6.460000000000000000e+02 3.198672794576504774e-01 1.506107256245914697e-03
6.470000000000000000e+02 3.212790100024823792e-01 1.536258522762688370e-03
6.480000000000000000e+02 3.212707092155632771e-01 1.491972423968206075e-03
6.490000000000000000e+02 3.191528258921939032e-01 1.468327479449752860e-03
6.500000000000000000e+02 3.171553331557898092e-01 1.464002842573250375e-03
6.510000000000000000e+02 3.173509964770758751e-01 1.477521861401709380e-03
6.520000000000000000e+02 3.169466221500346070e-01 1.450805891673615259e-03
6.530000000000000000e+02 3.124340482005246167e-01 1.444845103832735752e-03
6.540000000000000000e+02 3.127655584275199074e-01 1.416223528171438534e-03
6.550000000000000000e+02 3.121632982772932774e-01 1.455497508740825115e-03
6.560000000000000000e+02 3.095231438257129430e-01 1.466329688555342674e-03
6.570000000000000000e+02 3.093327353953636005e-01 1.447376587749161841e-03
6.580000000000000000e+02 3.091639972768256417e-01 1.421169438560906462e-03
6.590000000000000000e+02 3.063198956764577319e-01 1.478539175265899952e-03
6.600000000000000000e+02 3.047495381715438212e-01 1.518477573840245785e-03
6.610000000000000000e+02 3.032155905037824395e-01 1.456817441496406282e-03
6.620000000000000000e+02 3.033266313336881459e-01 1.404608928536350571e-03
6.630000000000000000e+02 3.016966276248403966e-01 1.446200651942982588e-03
6.640000000000000000e+02 2.993641277136622758e-01 1.414267440008615999e-03
6.650000000000000000e+02 2.999733587173649685e-01 1.404527051560074385e-03
6.660000000000000000e+02 2.955624518648598542e-01 1.382394098907677952e-03
6.670000000000000000e+02 2.976578415210495709e-01 1.400606849884575246e-03
6.680000000000000000e+02 2.938754563931322838e-01 1.415270983075247882e-03
6.690000000000000000e+02 2.987118110508813484e-01 1.444161495777170848e-03
6.700000000000000000e+02 2.968201161461803683e-01 1.414546401130742587e-03
6.710000000000000000e+02 2.967478484825066820e-01 1.341216805135381218e-03
6.720000000000000000e+02 2.948948055190203088e-01 1.319011631659088891e-03
6.730000000000000000e+02 2.924450696873858724e-01 1.374720997036717575e-03
6.740000000000000000e+02 2.858075539739349247e-01 1.322744010412686818e-03
6.750000000000000000e+02 2.886788800690047174e-01 1.313650396146069264e-03
6.760000000000000000e+02 2.864108870729553113e-01 1.297380083786650465e-03
6.770000000000000000e+02 2.843039264494312546e-01 1.321838166746989139e-03
6.780000000000000000e+02 2.869181716590818443e-01 1.289877600578732400e-03
6.790000000000000000e+02 2.866363656611100041e-01 1.285922957765092385e-03
6.800000000000000000e+02 2.823421724158313162e-01 1.283289575920858920e-03
6.810000000000000000e+02 2.818607237737414950e-01 1.273107235243554122e-03
6.820000000000000000e+02 2.845418495279170013e-01 1.379496756313864855e-03
6.830000000000000000e+02 2.770174444451093398e-01 1.291083296801871002e-03
6.840000000000000000e+02 2.778530003974530316e-01 1.302048327011742865e-03
6.850000000000000000e+02 2.777913179579876712e-01 1.317392619579267144e-03
6.860000000000000000e+02 2.789155954313481955e-01 1.329752070151326172e-03
6.870000000000000000e+02 2.705790869120060504e-01 1.275019868103088394e-03
6.880000000000000000e+02 2.767218355669248675e-01 1.293773457639772447e-03
6.890000000000000000e+02 2.678537160896278246e-01 1.217383261211414745e-03
6.900000000000000000e+02 2.668442237138965445e-01 1.250824024203369333e-03
6.910000000000000000e+02 2.705801360636848063e-01 1.226692906515321506e-03
6.920000000000000000e+02 2.698609865863114132e-01 1.263868074897860289e-03
6.930000000000000000e+02 2.646036107727577358e-01 1.229469000136764476e-03
6.940000000000000000e+02 2.649689617939793296e-01 1.238209607373773986e-03
6.950000000000000000e+02 2.644911295564724152e-01 1.227139219873248218e-03
6.960000000000000000e+02 2.659896144619104397e-01 1.234550812929502200e-03
6.970000000000000000e+02 2.627584524979623692e-01 1.232630782390177785e-03
6.980000000000000000e+02 2.628037411022352554e-01 1.208278685090113675e-03
6.990000000000000000e+02 2.582834719180948646e-01 1.189792293838049441e-03
7.000000000000000000e+02 2.557056087126364785e-01 1.178579396782567217e-03
7.010000000000000000e+02 2.590067153933301447e-01 1.192575373181681926e-03
7.020000000000000000e+02 2.530584362852285607e-01 1.169653381312047141e-03
7.030000000000000000e+02 2.554003228851368656e-01 1.196559669010343685e-03
7.040000000000000000e+02 2.527677628568281154e-01 1.168367994417250167e-03
7.050000000000000000e+02 2.506117783111961317e-01 1.156643597858900792e-03
7.060000000000000000e+02 2.514246936273079047e-01 1.171900296143652811e-03
7.070000000000000000e+02 2.525863979733399822e-01 1.172033140183539532e-03
7.080000000000000000e+02 2.491879891008395298e-01 1.161380146728603494e-03
7.090000000000000000e+02 2.497684456285823584e-01 1.164932445198929838e-03
7.100000000000000000e+02 2.475563844379225775e-01 1.156974426497125443e-03
7.110000000000000000e+02 2.450867141195294807e-01 1.152550046691189559e-03
7.120000000000000000e+02 2.495790167743842103e-01 1.165394649919536743e-03
7.130000000000000000e+02 2.458198294054393662e-01 1.166539533203721701e-03
7.140000000000000000e+02 2.435360230653271785e-01 1.136491549230599259e-03
7.150000000000000000e+02 2.383587773748578331e-01 1.129241304613897486e-03
7.160000000000000000e+02 2.394434620601524344e-01 1.136179568549217653e-03
7.170000000000000000e+02 2.391664923141512411e-01 1.128635297967181105e-03
7.180000000000000000e+02 2.380889295790441507e-01 1.119092279514900942e-03
7.190000000000000000e+02 2.345547536761736218e-01 1.111574380283937525e-03
7.200000000000000000e+02 2.331440863711456701e-01 1.101745336740693601e-03
7.210000000000000000e+02 2.337269475966652910e-01 1.105597497861811719e-03
7.220000000000000000e+02 2.314262829471736560e-01 1.089552223139754646e-03
7.230000000000000000e+02 2.299135308302660274e-01 1.109545513491280505e-03
7.240000000000000000e+02 2.269162304188393764e-01 1.066868556725791665e-03
7.250000000000000000e+02 2.274717421782223858e-01 1.071826142784031025e-03
7.260000000000000000e+02 2.275157860747346605e-01 1.072019336123171407e-03
7.270000000000000000e+02 2.287171618632905246e-01 1.075478913988262616e-03
7.280000000000000000e+02 2.235088161275821939e-01 1.049328645224996241e-03
7.290000000000000000e+02 2.261225612347898817e-01 1.061190157481906255e-03
7.300000000000000000e+02 2.249796865636382592e-01 1.055632777358318482e-03
7.310000000000000000e+02 2.202380369057403975e-01 1.031799203315784475e-03
7.320000000000000000e+02 2.230787784068870572e-01 1.046481288199060467e-03
7.330000000000000000e+02 2.178541371848702335e-01 1.022179651551875399e-03
7.340000000000000000e+02 2.157506856387922667e-01 1.019073691699582925e-03
7.350000000000000000e+02 2.192172891363524945e-01 1.035786913997273394e-03
7.360000000000000000e+02 2.117384854873296529e-01 1.002547988019992327e-03
7.370000000000000000e+02 2.121291933189609069e-01 1.008386093636157643e-03
7.380000000000000000e+02 2.098397246149089901e-01 9.936031720879504644e-04
7.390000000000000000e+02 2.141489943831967058e-01 1.016152289251850754e-03
7.400000000000000000e+02 2.111109962516194705e-01 1.000403408968026948e-03
7.410000000000000000e+02 2.104846895490616043e-01 9.977028143154033531e-04
7.420000000000000000e+02 2.088887623253293246e-01 9.931591506129764865e-04
7.430000000000000000e+02 2.026727324435045607e-01 9.747629999300414395e-04
7.440000000000000000e+02 2.049742559878741932e-01 9.808865938771211320e-04
7.450000000000000000e+02 2.042230558982855437e-01 9.778402116382635574e-04
7.460000000000000000e+02 2.034842739975860626e-01 9.859285974597872208e-04
7.470000000000000000e+02 2.040213102978216952e-01 9.816139051619179618e-04
7.480000000000000000e+02 2.001919902117448025e-01 9.701239610950320455e-04
7.490000000000000000e+02 1.992583451572061959e-01 9.672138700632530771e-04
7.500000000000000000e+02 2.013062697073998430e-01 9.816248551385050973e-04
7.510000000000000000e+02 1.966435452233064596e-01 9.611566573789374294e-04
7.520000000000000000e+02 1.948456138284291317e-01 9.559393035936617627e-04
7.530000000000000000e+02 1.966111567981590758e-01 9.674922530861736810e-04
7.540000000000000000e+02 1.942534994031840379e-01 9.552016285247290394e-04
7.550000000000000000e+02 1.908607784235897553e-01 9.420113676255691777e-04
7.560000000000000000e+02 1.895145339191930678e-01 9.462020489297301050e-04
7.570000000000000000e+02 1.879717948825916640e-01 9.284987828484040891e-04
7.580000000000000000e+02 1.880355745450887350e-01 9.332340157366130927e-04
7.590000000000000000e+02 1.862159455289793264e-01 9.406752481675284940e-04
7.600000000000000000e+02 1.829329247604253583e-01 9.094835605992992881e-04
7.610000000000000000e+02 1.803727466978043148e-01 9.098959006710879245e-04
7.620000000000000000e+02 1.837803984328132689e-01 9.220876663656133333e-04
7.630000000000000000e+02 1.796906301763579739e-01 8.943504395645676067e-04
7.640000000000000000e+02 1.833271066730705612e-01 9.164269922789704953e-04
7.650000000000000000e+02 1.804177415759257719e-01 9.015407182922921189e-04
7.660000000000000000e+02 1.766788456872868118e-01 8.877905550770840782e-04
7.670000000000000000e+02 1.756365871097310960e-01 8.793272287957586576e-04
7.680000000000000000e+02 1.764100118283679075e-01 8.964830617108754526e-04
7.690000000000000000e+02 1.765685781996951531e-01 8.826798054434327988e-04
7.700000000000000000e+02 1.736670169630081806e-01 8.629672858368801725e-04
7.710000000000000000e+02 1.711402013648330445e-01 8.510790574479449753e-04
7.720000000000000000e+02 1.745707674884650340e-01 8.803943614368772274e-04
7.730000000000000000e+02 1.718620005559711172e-01 8.522511679327651832e-04
7.740000000000000000e+02 1.719591905113475039e-01 8.508647483380794418e-04
7.750000000000000000e+02 1.702512944051901012e-01 8.420936041274293187e-04
7.760000000000000000e+02 1.687925101768633362e-01 8.395048345121733716e-04
7.770000000000000000e+02 1.645950679403605232e-01 8.194917672412464381e-04
7.780000000000000000e+02 1.674375512812084910e-01 8.446877666661868058e-04
7.790000000000000000e+02 1.675985575264398175e-01 8.326328734536142659e-04
7.800000000000000000e+02 1.617263370987873650e-01 8.162909949222022475e-04
7.810000000000000000e+02 1.624840554788566926e-01 8.096616711175727956e-04
7.820000000000000000e+02 1.608015306560566793e-01 8.000223778542462152e-04
7.830000000000000000e+02 1.625637095331497195e-01 8.076090587803673318e-04
7.840000000000000000e+02 1.587950417953274129e-01 7.926536023740774189e-04
7.850000000000000000e+02 1.619312236804406335e-01 8.095708268491768169e-04
7.860000000000000000e+02 1.579689805777434453e-01 7.899109580869462634e-04
7.870000000000000000e+02 1.568936018619906392e-01 7.852118393562817046e-04
7.880000000000000000e+02 1.566183688639143645e-01 7.845214767304434711e-04
7.890000000000000000e+02 1.571882310449555786e-01 7.914549547562866466e-04
7.900000000000000000e+02 1.530223538209632139e-01 7.730793143493476342e-04
7.910000000000000000e+02 1.536336794293199359e-01 7.783737088992844985e-04
7.920000000000000000e+02 1.517389330244882373e-01 7.675725279665133929e-04
7.930000000000000000e+02 1.510167050618450024e-01 7.677118686800904479e-04
7.940000000000000000e+02 1.506227288940447384e-01 7.635393143474385235e-04
7.950000000000000000e+02 1.474296723864288450e-01 7.490252621960715547e-04
7.960000000000000000e+02 1.488605990147273128e-01 7.560428597297402624e-04
7.970000000000000000e+02 1.459079461649678833e-01 7.527459924695483612e-04
7.980000000000000000e+02 1.463585453845355211e-01 7.449682194373797662e-04
7.990000000000000000e+02 1.463176203358134420e-01 7.445402889394886784e-04
8.000000000000000000e+02 1.462867839599784336e-01 7.839362634478710999e-04
8.010000000000000000e+02 1.448983026836238586e-01 7.449432347669850130e-04
8.020000000000000000e+02 1.442334491591500401e-01 7.330698370965277669e-04
8.030000000000000000e+02 1.419684096607842783e-01 7.337911655577236941e-04
8.040000000000000000e+02 1.401172314708893918e-01 7.111591797668748334e-04
8.050000000000000000e+02 1.419664186382136317e-01 7.226449697755615463e-04
8.060000000000000000e+02 1.420905503430020533e-01 7.331614388233863430e-04
8.070000000000000000e+02 1.397994506613422505e-01 7.145270121731333354e-04
8.080000000000000000e+02 1.366906600068186484e-01 7.006107717784331021e-04
8.090000000000000000e+02 1.381880524546187095e-01 7.022634163735691493e-04
8.100000000000000000e+02 1.350677762513797786e-01 6.874054396178837451e-04
8.110000000000000000e+02 1.360446866962818913e-01 7.016195315894178898e-04
8.120000000000000000e+02 1.340425624180369146e-01 6.950636635330654026e-04
8.130000000000000000e+02 1.357753526538181266e-01 6.915518176368243416e-04
8.140000000000000000e+02 1.321210765649508401e-01 6.856324468586534170e-04
8.150000000000000000e+02 1.318930094213354720e-01 6.748113418804537302e-04
8.160000000000000000e+02 1.316055704180821573e-01 6.869729223592025737e-04
8.170000000000000000e+02 1.324014256698358982e-01 6.936415992140149362e-04
8.180000000000000000e+02 1.326328960781081034e-01 6.813081436316505623e-04
8.190000000000000000e+02 1.278207149344713633e-01 6.561510994131647661e-04
8.200000000000000000e+02 1.288684428719239217e-01 6.654562772029247106e-04
8.210000000000000000e+02 1.310711456115223883e-01 6.764937343184269361e-04
8.220000000000000000e+02 1.269770444771205764e-01 6.589937533141398789e-04
8.230000000000000000e+02 1.251221368066684769e-01 6.509115840923040399e-04
8.240000000000000000e+02 1.253515687089143127e-01 6.652168203832419663e-04
8.250000000000000000e+02 1.262553045094761128e-01 6.642955550238222257e-04
8.260000000000000000e+02 1.272592468557967316e-01 6.678662536973782420e-04
8.270000000000000000e+02 1.232109312159634928e-01 6.474958566268381420e-04
8.280000000000000000e+02 1.248467294491984181e-01 6.575157488727358590e-04
8.290000000000000000e+02 1.259601310394048435e-01 6.642979761178558146e-04
8.300000000000000000e+02 1.220404984228553036e-01 6.438031005351960287e-04
8.310000000000000000e+02 1.207172879466381771e-01 6.368751444927373993e-04
8.320000000000000000e+02 1.195320714637373993e-01 6.320424930337660259e-04
8.330000000000000000e+02 1.196247161043431373e-01 6.352833518318584021e-04
8.340000000000000000e+02 1.195400164532326587e-01 6.319605008262506839e-04
8.350000000000000000e+02 1.190568219995302435e-01 6.266660390054615195e-04
8.360000000000000000e+02 1.180743170531100977e-01 6.234407493716240603e-04
8.370000000000000000e+02 1.177283033378511978e-01 6.195653368360996838e-04
8.380000000000000000e+02 1.173775694455955892e-01 6.195805298942082652e-04
8.390000000000000000e+02 1.161114098605120631e-01 6.106731414254482288e-04
8.400000000000000000e+02 1.151818707275526626e-01 6.085785403227710359e-04
8.410000000000000000e+02 1.179662179301040337e-01 6.377625238099044651e-04
8.420000000000000000e+02 1.136770954646812576e-01 6.021083285111992166e-04
8.430000000000000000e+02 1.151320219855721805e-01 6.100796871657166061e-04
8.440000000000000000e+02 1.123338111075812829e-01 5.966028174853182670e-04
8.450000000000000000e+02 1.102872626294683495e-01 5.953912333302477204e-04
8.460000000000000000e+02 1.108216125253613793e-01 5.953029766434513601e-04
8.470000000000000000e+02 1.100422872242580036e-01 5.858435130435668938e-04
8.480000000000000000e+02 1.087794237026637328e-01 5.790166588330079118e-04
8.490000000000000000e+02 1.106752056673128010e-01 5.890089531545675576e-04
8.500000000000000000e+02 1.072528951626663396e-01 5.689219295681338488e-04
8.510000000000000000e+02 1.111461348214149991e-01 5.968215820859700113e-04
8.520000000000000000e+02 1.058604347169401771e-01 5.632651843439373269e-04
8.530000000000000000e+02 1.071716458443127407e-01 5.708488638332986139e-04
8.540000000000000000e+02 1.084531736103970662e-01 5.757643929157812762e-04
8.550000000000000000e+02 1.049591991296984633e-01 6.062855870489767315e-04
8.560000000000000000e+02 1.054967061184144406e-01 5.804221892716486270e-04
8.570000000000000000e+02 1.048931663444451351e-01 5.674158007091214444e-04
8.580000000000000000e+02 1.050216665415770190e-01 5.685202779164750825e-04
8.590000000000000000e+02 1.046533602526212858e-01 5.684775142184109739e-04
8.600000000000000000e+02 1.023211777987542564e-01 5.687780491121557837e-04
8.610000000000000000e+02 1.016058707861469818e-01 5.493185993556698324e-04
8.620000000000000000e+02 1.032121377210362539e-01 5.688413077114311484e-04
8.630000000000000000e+02 1.020368998735478872e-01 5.528546825019160695e-04
8.640000000000000000e+02 9.988477267219753042e-02 5.392050958329801811e-04
8.650000000000000000e+02 1.026581793656763247e-01 5.650354683833061801e-04
8.660000000000000000e+02 9.924512959515682797e-02 5.365397959594340451e-04
8.670000000000000000e+02 9.878935017401763163e-02 5.346283101696663095e-04
8.680000000000000000e+02 9.864462902549370193e-02 5.380185397079565194e-04
8.690000000000000000e+02 9.808892792272580485e-02 5.334544031227763088e-04
8.700000000000000000e+02 9.573107733404374875e-02 5.290989862907641023e-04
8.710000000000000000e+02 9.760301238197656437e-02 5.294470993521129638e-04
8.720000000000000000e+02 9.526037124377695342e-02 5.189290378762297182e-04
8.730000000000000000e+02 9.401909285315125653e-02 5.222695767441637221e-04
8.740000000000000000e+02 9.372063837446459322e-02 5.279044002428961643e-04
8.750000000000000000e+02 9.276617360426933634e-02 5.218111496401632793e-04
8.760000000000000000e+02 9.221402690003044356e-02 5.037376087544795291e-04
8.770000000000000000e+02 9.220284327995581508e-02 5.090650926826092602e-04
8.780000000000000000e+02 9.247727999180965774e-02 5.100259979328184085e-04
8.790000000000000000e+02 9.263048289644380817e-02 5.058907606143425023e-04
8.800000000000000000e+02 8.972323356372231828e-02 5.014651797434734526e-04
8.810000000000000000e+02 8.919777391880329143e-02 5.012305700995291864e-04
8.820000000000000000e+02 8.982659057667177760e-02 4.895884014629537035e-04
8.830000000000000000e+02 8.979922847046706291e-02 4.917605051054708444e-04
8.840000000000000000e+02 8.744711788170060618e-02 4.962116949988805859e-04
8.850000000000000000e+02 8.701935087923627632e-02 4.804671677069009849e-04
8.860000000000000000e+02 8.533538089210508659e-02 4.660745523638166023e-04
8.870000000000000000e+02 8.498814086605795126e-02 4.712431142559767917e-04
8.880000000000000000e+02 8.506868445523201039e-02 4.763319035968714569e-04
8.890000000000000000e+02 8.392766726676222089e-02 4.673385718879909329e-04
8.900000000000000000e+02 8.327851089689214392e-02 4.743551652473960425e-04
8.910000000000000000e+02 8.150960693586344064e-02 4.531571725470097053e-04
8.920000000000000000e+02 8.285683410565705675e-02 4.631546005945898128e-04
8.940000000000000000e+02 8.113708393613958125e-02 4.526176235360315032e-04
8.950000000000000000e+02 8.112924087033587806e-02 4.492385516021916276e-04
8.960000000000000000e+02 7.788279570808780139e-02 4.370382672141013224e-04
8.970000000000000000e+02 7.887032824387789354e-02 4.529635841882992636e-04
8.980000000000000000e+02 7.912549841483285107e-02 4.469450041786418863e-04
8.990000000000000000e+02 7.701026010998504590e-02 4.343089494662546448e-04
9.000000000000000000e+02 7.684151369273545251e-02 4.351857479815776511e-04
9.010000000000000000e+02 7.670772469384237735e-02 4.188853948536680710e-04
9.020000000000000000e+02 7.568192200056630958e-02 4.174928195771066951e-04
9.030000000000000000e+02 7.553479457965195376e-02 4.152554562977996827e-04
9.040000000000000000e+02 7.363775659922384975e-02 4.049299987604231053e-04
9.050000000000000000e+02 7.425149876590982079e-02 4.105943455156932246e-04
9.060000000000000000e+02 7.210805301931125233e-02 3.997111171070858783e-04
9.070000000000000000e+02 7.213238985314233964e-02 3.972020566872172943e-04
9.080000000000000000e+02 7.206754478900373462e-02 4.033121767511913371e-04
9.090000000000000000e+02 7.033225357928593602e-02 3.875133510596992428e-04
9.100000000000000000e+02 7.018005623192487274e-02 3.874783233128313337e-04
9.110000000000000000e+02 6.992112103248113164e-02 3.873126677073711723e-04
9.120000000000000000e+02 6.831410965260595325e-02 3.789791017905104736e-04
9.130000000000000000e+02 6.851323386213319100e-02 3.880838869360383981e-04
9.140000000000000000e+02 6.635772477881070330e-02 3.694620355520492950e-04
9.150000000000000000e+02 6.407453385557146386e-02 3.625805689176533181e-04
9.160000000000000000e+02 6.347563371066954063e-02 3.602707718932723815e-04
9.170000000000000000e+02 6.284371745622635563e-02 3.517776561897847497e-04
9.180000000000000000e+02 6.482022052708924509e-02 3.693400206915840368e-04
9.190000000000000000e+02 6.228737486079564956e-02 3.480004364466916691e-04
9.200000000000000000e+02 6.003341510972230038e-02 3.365290064552512806e-04
9.210000000000000000e+02 6.216176027736928372e-02 3.478561561799639384e-04
9.220000000000000000e+02 6.078541308772118096e-02 3.446274122082551247e-04
9.230000000000000000e+02 6.096962456678575726e-02 3.486634380549426130e-04
9.240000000000000000e+02 6.092292011855537232e-02 3.479247889244300681e-04
9.250000000000000000e+02 5.785501909465452092e-02 3.249478920485028999e-04
9.260000000000000000e+02 5.833845882039298547e-02 3.374209336986009168e-04
9.270000000000000000e+02 5.815738879074151130e-02 3.337729089505526037e-04
9.280000000000000000e+02 5.649365579468224041e-02 3.210493016594761616e-04
9.290000000000000000e+02 5.811648253974162348e-02 3.306078381423626571e-04
9.300000000000000000e+02 5.670278491543673943e-02 3.219391901856868965e-04
9.310000000000000000e+02 5.366714870159916551e-02 3.054265884683302979e-04
9.320000000000000000e+02 5.475039695139224949e-02 3.188856946574572418e-04
9.330000000000000000e+02 5.335344527298455097e-02 3.058403439687102168e-04
9.340000000000000000e+02 5.225783125810908036e-02 3.008723376289994538e-04
9.350000000000000000e+02 5.121937972596262573e-02 2.949417105847235566e-04
9.360000000000000000e+02 5.073198294948493003e-02 2.929797602037864917e-04
9.370000000000000000e+02 4.774704011337316256e-02 2.767711436153354274e-04
9.380000000000000000e+02 4.970781639859164075e-02 2.944643038786037359e-04
9.390000000000000000e+02 4.886331040969232181e-02 2.848412620394727272e-04
9.400000000000000000e+02 5.100839694930348750e-02 2.981450565188594024e-04
9.410000000000000000e+02 4.928574862430604858e-02 2.879687857200283652e-04
9.420000000000000000e+02 4.716029710737988656e-02 2.763202820272764077e-04
9.430000000000000000e+02 4.754613645051526671e-02 2.858515665229887292e-04
9.440000000000000000e+02 4.706920514989012400e-02 2.762642239315575652e-04
9.450000000000000000e+02 4.611117396562101900e-02 2.719507973316765640e-04
9.460000000000000000e+02 4.586475178664237151e-02 2.711023469910399126e-04
9.470000000000000000e+02 4.478301389915806396e-02 2.633084566737672904e-04
9.480000000000000000e+02 4.560778316430996043e-02 2.713190575617249810e-04
9.490000000000000000e+02 4.493967290661633057e-02 2.669434899790057284e-04
9.500000000000000000e+02 4.294901034683593771e-02 2.549453989097080742e-04
9.510000000000000000e+02 4.345603429699019388e-02 2.805675069238205868e-04
9.520000000000000000e+02 4.200494675591736476e-02 2.508203692610986007e-04
9.530000000000000000e+02 4.353126958998856932e-02 2.625492869473075998e-04
9.540000000000000000e+02 4.151547231687074957e-02 2.507556793314392671e-04
9.550000000000000000e+02 4.044418897237534588e-02 2.478741919520751442e-04
9.560000000000000000e+02 4.005882567811315520e-02 2.403925868337608639e-04
9.570000000000000000e+02 3.664439944449426889e-02 2.299011371415844046e-04
9.580000000000000000e+02 3.837718372526235933e-02 2.306101238015245225e-04
9.590000000000000000e+02 3.776077359194841138e-02 2.260585640810572913e-04
9.600000000000000000e+02 3.810508240094657301e-02 2.360516556869195074e-04
9.610000000000000000e+02 3.764065729876245325e-02 2.332113889870705684e-04
9.620000000000000000e+02 3.611773643323432093e-02 2.166378556546797525e-04
9.630000000000000000e+02 3.691198993490604069e-02 2.243490229359735579e-04
9.640000000000000000e+02 3.562333261457009681e-02 2.143806491367542953e-04
9.650000000000000000e+02 3.511324658391586778e-02 2.130853010582265902e-04
9.660000000000000000e+02 3.546875071849087818e-02 2.186793384534806530e-04
9.670000000000000000e+02 3.461706812941420935e-02 2.105001819679989310e-04
9.680000000000000000e+02 3.345691461038738379e-02 2.062846516565095076e-04
9.690000000000000000e+02 3.406242767532913912e-02 2.099096704374754597e-04
9.700000000000000000e+02 3.254934241648144849e-02 1.987520882550138221e-04
9.710000000000000000e+02 3.139931788586207417e-02 1.852674064988699110e-04
9.720000000000000000e+02 3.109625659044802648e-02 1.943702444343925104e-04
9.730000000000000000e+02 3.096430843797873950e-02 1.821075108464216520e-04
9.740000000000000000e+02 2.999374486613529817e-02 1.776699896724729430e-04
9.750000000000000000e+02 3.068582948667517019e-02 1.964375109469796484e-04
9.760000000000000000e+02 2.929137645036353210e-02 1.732435055823192637e-04
9.770000000000000000e+02 2.863956486747992053e-02 1.818065091256386618e-04
9.780000000000000000e+02 2.896901014357613352e-02 1.740420258527073294e-04
9.790000000000000000e+02 2.795189688431132594e-02 1.683746407338856238e-04
9.800000000000000000e+02 2.786548635135389917e-02 1.688361219084431463e-04
9.810000000000000000e+02 2.722100703608353739e-02 1.795173395825816140e-04
9.820000000000000000e+02 2.623615214836748019e-02 1.585629084011873108e-04
9.830000000000000000e+02 2.529490643886609519e-02 1.776205508905074433e-04
9.840000000000000000e+02 2.630057774550400435e-02 1.608971814377491442e-04
9.850000000000000000e+02 2.515952998788461431e-02 1.659325783319910849e-04
9.860000000000000000e+02 2.403845133465363701e-02 1.466343629590957816e-04
9.870000000000000000e+02 2.442880283128344779e-02 1.569039058515719876e-04
9.880000000000000000e+02 2.391287374787500961e-02 1.471702292553439182e-04
9.890000000000000000e+02 2.284110549395736503e-02 1.428712287546321611e-04
9.900000000000000000e+02 2.299462379563005365e-02 1.514052003091373238e-04
9.910000000000000000e+02 2.252417408912560023e-02 1.402381140688414710e-04
9.920000000000000000e+02 2.166491190716280865e-02 1.349954140944083984e-04
9.930000000000000000e+02 2.139846180102916717e-02 1.353770522607145564e-04
9.940000000000000000e+02 2.144606208625750993e-02 1.361231944934393771e-04
9.950000000000000000e+02 2.063075385431593217e-02 1.285274857051773288e-04
9.960000000000000000e+02 1.944041994755822678e-02 1.238289966808466674e-04
9.970000000000000000e+02 2.036871334332607600e-02 1.306649240035637476e-04
9.980000000000000000e+02 1.944417686380409821e-02 1.229577715029880772e-04
9.990000000000000000e+02 1.839004329530194784e-02 1.159130471378902976e-04
1.000000000000000000e+03 1.914643089218381888e-02 1.223444244574770122e-04
1.001000000000000000e+03 1.830897154191809748e-02 1.134393089152800708e-04
1.002000000000000000e+03 1.713987988278677446e-02 1.068535179094204704e-04
1.003000000000000000e+03 1.775495479160949311e-02 1.084311121733041663e-04
1.004000000000000000e+03 1.726868751449649880e-02 1.083896311095537723e-04
1.005000000000000000e+03 1.654614801609149977e-02 1.005990151245575209e-04
1.006000000000000000e+03 1.621647832432858427e-02 1.004787493877310102e-04
1.007000000000000000e+03 1.601233292112604761e-02 9.950902169387254082e-05
1.008000000000000000e+03 1.540654589033969499e-02 9.672835256435553092e-05
1.009000000000000000e+03 1.480913508079293936e-02 9.176503136670812659e-05
1.010000000000000000e+03 1.509071093797013409e-02 9.493152742714375117e-05
1.011000000000000000e+03 1.406799682670323293e-02 8.983707316283597900e-05
1.012000000000000000e+03 1.397920416446474939e-02 8.892335137801036279e-05
1.013000000000000000e+03 1.395515554506345825e-02 9.076076053734878830e-05
1.014000000000000000e+03 1.299470641719620810e-02 8.382770038922522269e-05
1.015000000000000000e+03 1.282297049274006527e-02 8.029997498461275058e-05
1.016000000000000000e+03 1.277248898989812725e-02 8.486392961162593518e-05
1.017000000000000000e+03 1.225583148476722811e-02 7.839957526616144075e-05
1.018000000000000000e+03 1.196945785431940273e-02 7.553288515849421192e-05
1.019000000000000000e+03 1.119260737869631761e-02 7.194012765149377839e-05
1.020000000000000000e+03 1.145919736227945032e-02 7.424699945998709642e-05
1.021000000000000000e+03 1.104953304838881233e-02 7.138114095025464151e-05
1.022000000000000000e+03 1.037780327108067148e-02 6.712601085876959304e-05
1.023000000000000000e+03 1.045980179616713170e-02 7.005579008922271727e-05
1.024000000000000000e+03 9.889283680970207754e-03 6.808080674155266975e-05
1.025000000000000000e+03 9.751169480492169125e-03 6.582657388651632800e-05
1.026000000000000000e+03 8.931671370517521580e-03 5.866181612853598777e-05
1.027000000000000000e+03 9.296288458097354962e-03 6.298207059509387221e-05
1.028000000000000000e+03 8.731904401126562923e-03 5.757544022267462172e-05
1.029000000000000000e+03 8.110331927426607870e-03 5.505268397810561304e-05
1.030000000000000000e+03 8.339537710195174536e-03 5.760980321426855121e-05
1.031000000000000000e+03 7.882888867365593633e-03 5.420190349158928112e-05
1.032000000000000000e+03 7.539954160571822085e-03 5.162287307105244008e-05
1.033000000000000000e+03 6.996250985946385163e-03 5.054181044330345991e-05
1.034000000000000000e+03 7.067910720183638584e-03 5.127004742765674082e-05
1.035000000000000000e+03 6.938840593708822495e-03 4.950493268077522837e-05
1.036000000000000000e+03 6.174994257778615783e-03 4.644120032770434703e-05
1.037000000000000000e+03 6.405794012194046365e-03 4.968516939191370668e-05
1.038000000000000000e+03 6.015043165526010732e-03 4.622954736399510626e-05
1.039000000000000000e+03 5.618474800579973012e-03 4.574498035998874023e-05
1.040000000000000000e+03 5.332499300582009029e-03 4.495017500004424253e-05
1.041000000000000000e+03 5.224707458778355025e-03 4.373379244242672412e-05
1.042000000000000000e+03 4.817754901233253437e-03 3.579414427341777363e-05
1.043000000000000000e+03 4.321549292275451287e-03 3.726171128725510955e-05
1.044000000000000000e+03 4.441899195115175773e-03 3.609907596275325998e-05
1.045000000000000000e+03 4.105495219504682464e-03 3.698267427328842758e-05
1.046000000000000000e+03 4.041247403738382551e-03 3.986348495922773812e-05
1.047000000000000000e+03 3.784267377612083975e-03 3.221489625859574142e-05
1.048000000000000000e+03 3.864072020615108224e-03 3.318360749511064367e-05
1.049000000000000000e+03 3.745098390788438158e-03 3.068661736672029049e-05
1.050000000000000000e+03 3.269515744159414827e-03 3.664071267020061227e-05
1.051000000000000000e+03 3.545438049562533479e-03 3.172870189964644897e-05
1.052000000000000000e+03 3.334849643759885216e-03 2.991152426535999162e-05
1.053000000000000000e+03 3.260559878244016253e-03 2.738300791500673925e-05
1.054000000000000000e+03 3.000830848306845679e-03 2.982358051402049273e-05
1.055000000000000000e+03 3.201936787780424939e-03 3.046149474944293722e-05
1.056000000000000000e+03 2.985922757010986243e-03 3.485154587197038977e-05
1.057000000000000000e+03 2.913796321832029090e-03 2.958902812796680427e-05
1.058000000000000000e+03 2.745558131616125924e-03 2.737711819592504811e-05
1.059000000000000000e+03 2.740015800870853734e-03 2.411816456593137949e-05
1.060000000000000000e+03 2.710370378265910055e-03 2.553901044290771540e-05
1.061000000000000000e+03 2.477154406817417501e-03 2.219040576994908034e-05
1.062000000000000000e+03 2.567935977535950546e-03 2.543321053054547963e-05
1.063000000000000000e+03 2.446881934136967574e-03 2.321186302107732655e-05
1.064000000000000000e+03 2.377176627646566606e-03 2.159976016435650789e-05
1.065000000000000000e+03 2.287646583685591564e-03 2.574289084419733483e-05
1.066000000000000000e+03 2.221132856956496877e-03 2.167378451411438784e-05
1.067000000000000000e+03 2.193655836311159298e-03 2.311081734043312827e-05
1.068000000000000000e+03 2.155231430789064651e-03 2.619274136005237720e-05
1.069000000000000000e+03 2.003135372716704360e-03 2.400410858820454542e-05
1.070000000000000000e+03 1.956381524521157936e-03 1.937839148993158100e-05
1.071000000000000000e+03 1.950796032167631923e-03 2.002538056804500918e-05
1.072000000000000000e+03 1.914179064700181421e-03 2.158770702271077188e-05
1.073000000000000000e+03 1.751256233669673317e-03 2.132062184282249682e-05
1.074000000000000000e+03 1.776307725558885298e-03 1.686724614340078999e-05
1.075000000000000000e+03 1.722881720688578585e-03 1.952189943027511298e-05
1.076000000000000000e+03 1.712868668019372010e-03 2.076585570704091597e-05
1.077000000000000000e+03 1.540252404596891998e-03 1.999035071072529588e-05
1.078000000000000000e+03 1.593010540387605062e-03 1.602389214345760531e-05
1.079000000000000000e+03 1.578399437925105762e-03 1.861517098861583815e-05
1.080000000000000000e+03 1.506744155395720345e-03 1.906514053679653315e-05
1.081000000000000000e+03 1.351740741473285044e-03 1.548091792113977439e-05
1.082000000000000000e+03 1.419284684055195558e-03 1.644894645509673521e-05
1.083000000000000000e+03 1.368508520080867312e-03 1.731085765346501024e-05
1.084000000000000000e+03 1.291240076903044836e-03 1.676422199794143689e-05
1.085000000000000000e+03 1.147700869346933395e-03 1.577994038989055030e-05
1.086000000000000000e+03 1.255325301290215710e-03 1.394109711132722876e-05
1.087000000000000000e+03 1.250441552575530827e-03 1.554696408681820072e-05
1.088000000000000000e+03 1.142925829504442929e-03 1.553226941932081675e-05
1.089000000000000000e+03 1.035567038541565597e-03 1.331722720595426780e-05
1.090000000000000000e+03 1.107659530942189940e-03 1.452554195569084593e-05
1.091000000000000000e+03 1.125658708944452923e-03 1.607195481780915737e-05
1.092000000000000000e+03 1.010829486477076702e-03 1.366949613709807034e-05
1.093000000000000000e+03 9.507452688661239366e-04 1.223491584203177986e-05
1.094000000000000000e+03 1.029240770846439473e-03 1.412646648209936072e-05
1.095000000000000000e+03 9.499673882106159095e-04 1.411151283442170391e-05
1.096000000000000000e+03 8.549617268039840781e-04 1.228968129953080450e-05
1.097000000000000000e+03 8.555586819397521412e-04 1.366163312869079824e-05
1.098000000000000000e+03 9.200290253344827179e-04 1.260400537764541991e-05
1.099000000000000000e+03 7.976310518679793470e-04 1.279947483568445461e-05
