Parameter A1 $A_1$ 9.595
Parameter A2 $A_2$ 0.0508
Parameter ozone ozone 312.875
Parameter PWV PWV$\,$[mm] 5.035
Parameter VAOD VAOD 0.0032932225
Parameter reso reso$\,$[pix] 3.87
Parameter shift $\lambda_{\mathrm{shift}}\,$[nm] -0.0515
	0.002956	-0.000008	-0.255530	0.000580	0.000201	-0.000798	-0.003284
	-0.000008	0.000001	-0.000997	0.000021	-0.000000	-0.000004	-0.000006
	-0.255530	-0.000997	285.855017	0.660027	-0.033834	0.392632	0.843175
	0.000580	0.000021	0.660027	0.024858	-0.000039	0.004769	0.004849
	0.000201	-0.000000	-0.033834	-0.000039	0.000019	-0.000097	-0.000320
	-0.000798	-0.000004	0.392632	0.004769	-0.000097	0.013215	0.004233
	-0.003284	-0.000006	0.843175	0.004849	-0.000320	0.004233	0.013362
